0 30807308 30807309 1.68891
1 30807309 30807308 1.68891
2 166614618 1829178509 6.77547
3 1829178509 166614618 6.77547
4 1829178509 30807308 10.284
5 30807308 1829178509 10.284
6 30978740 30978747 8.08511
7 30978747 30978740 8.08511
8 30978747 1492282471 4.85575
9 1492282471 30978747 4.85575
10 480493207 30978740 6.24943
11 30978740 480493207 6.24943
12 42421728 42421731 6.88678
13 42421731 42421728 6.88678
14 42421731 42421737 6.71598
15 42421737 42421731 6.71598
16 42421737 42421741 13.5524
17 42421741 42421737 13.5524
18 42421741 42421745 10.9768
19 42421745 42421741 10.9768
20 42421772 42421769 24.4694
21 42421776 42421772 24.5978
22 42421778 42421776 11.4385
23 42421803 42421800 24.2458
24 42421806 42421803 24.4583
25 42421810 42421806 24.6121
26 42421820 42421810 19.2407
27 42421833 42421828 6.73006
28 42421837 42421833 7.1561
29 42421993 42421996 24.4833
30 42421996 42422000 24.4435
31 42422000 42422016 24.5468
32 42422016 42422018 19.1565
33 371239958 589928259 24.8195
34 370913758 42422509 5.31113
35 42422537 42422539 17.8481
36 42422539 42422537 17.8481
37 42422691 42422703 19.3428
38 42422703 42422691 19.3428
39 42422703 607954413 4.71025
40 607954413 42422703 4.71025
41 607954413 42422722 2.42573
42 42422722 607954413 2.42573
43 106705774 106705771 1.82054
44 277481423 277482762 10.2158
45 42423295 42423296 8.1088
46 42445420 42423774 19.8334
47 42423807 42423809 8.05197
48 42423809 42423807 8.05197
49 42433408 42424025 5.68703
50 42424109 42424117 4.40421
51 42424225 429450536 2.75848
52 429450536 42424225 2.75848
53 42424439 595703322 3.23611
54 595703322 1994240885 12.6964
55 1994240885 42431293 0.731915
56 42424460 42424463 inf
57 42424463 42424460 inf
58 436764905 1697937651 1.3004
59 1697937651 436764905 1.3004
60 42424851 561950766 1.44387
61 561950766 42424850 49.9705
62 1420632727 1659429220 8.22652
63 1659429220 1420632727 8.22652
64 42424903 42424905 6.89697
65 42424905 42424903 6.89697
66 595703269 598705277 7.44871
67 598705277 595703269 7.44871
68 598370518 42425127 1.53474
69 42425127 598370518 1.53474
70 598705277 598370518 5.7015
71 598370518 598705277 5.7015
72 1241308836 1241308753 2.26174
73 1241308753 1241308836 2.26174
74 42422703 42425369 11.573
75 42425369 42422703 11.573
76 42458435 587812578 7.6507
77 42425613 593886252 4.81625
78 593886252 42422923 5.11618
79 42425681 42425689 18.3598
80 42425801 42425804 7.34675
81 42425804 42425801 7.34675
82 42425812 42425817 4.86663
83 42425817 42425812 4.86663
84 42425820 42425840 4.99208
85 42425840 42425820 4.99208
86 42425840 42425862 5.35634
87 42425862 42425840 5.35634
88 42426042 42426044 6.96592
89 42426044 42426042 6.96592
90 42425840 42426053 8.0652
91 42426053 42425840 8.0652
92 42426374 410233261 10.3485
93 410233261 42426374 10.3485
94 42426418 42426420 1.85185
95 42426420 42426418 1.85185
96 42424672 589298644 13.0166
97 589298644 42424672 13.0166
98 42426775 42426777 7.72661
99 42426777 42426775 7.72661
100 42426788 1241986544 3.57914
101 1241986544 42426788 3.57914
102 1241986544 42426789 1.53141
103 42426789 1241986544 1.53141
104 42426804 42426805 7.59281
105 588166450 1701844605 19.5713
106 588166450 42434962 21.2624
107 42426865 42426875 4.51777
108 42426928 42426931 10.0298
109 42426931 42426928 10.0298
110 42427009 42427012 8.85366
111 42427024 42427026 9.48288
112 42438809 42427036 3.79676
113 42425812 42427070 2.35771
114 42427064 42425812 12.1685
115 42427764 42427762 5.58141
116 42427915 248709626 10.9988
117 248709626 42427915 10.9988
118 42424672 42427965 3.96245
119 42427965 42424672 3.96245
120 42428063 42428061 24.4754
121 42428068 42428063 24.7077
122 42428072 42428068 13.8967
123 42429314 42429324 11.5059
124 42429324 42429314 11.5059
125 42429324 596776164 10.8124
126 596776164 42429324 10.8124
127 42429330 42429334 10.621
128 42429334 42429330 10.621
129 42429334 42429338 11.5006
130 42429338 42429334 11.5006
131 42429338 42429340 16.1127
132 42429340 42429338 16.1127
133 42429340 42429342 17.0246
134 42429342 42429340 17.0246
135 596776164 42429330 1.77215
136 42429330 596776164 1.77215
137 42429680 42429682 13.8174
138 42429682 596776009 13.1061
139 42429685 42429688 12.7398
140 42429688 42429690 13.8189
141 42429690 42429693 19.3179
142 42429693 42429694 20.3955
143 42429694 42428003 19.4343
144 596776009 42429685 1.99865
145 42424932 42429812 34.3241
146 42429812 42424932 34.3241
147 42429812 42429814 13.5414
148 42429814 42429812 13.5414
149 42429814 42429819 6.74103
150 42429819 42429814 6.74103
151 42429819 42425100 1.32293
152 42425100 42429819 1.32293
153 42429874 42429876 34.511
154 42429876 42429890 69.7702
155 42429890 42429896 34.5126
156 42429896 42429898 30.8381
157 42429898 42429900 17.5943
158 42429900 42429910 28.4972
159 42429910 42429918 22.483
160 42427970 42429986 10.802
161 42429986 589298803 6.42112
162 589298803 42429981 4.91324
163 42424427 42429998 24.4549
164 42429998 42429999 24.4368
165 589298326 42428013 20.0043
166 42428013 589298326 20.0043
167 42430482 42430485 19.1237
168 42430485 42430488 20.5187
169 42430488 42430491 19.7755
170 42430959 42430965 6.48993
171 42431363 1997760561 0.860332
172 1997760561 42431363 0.860332
173 1997760554 42431447 1.41406
174 42431447 1997760554 1.41406
175 1997760561 1997760554 3.81182
176 1997760554 1997760561 3.81182
177 42431482 1991214272 4.76529
178 1991214272 42431482 4.76529
179 1991214272 589100791 62.5058
180 589100791 1991214272 62.5058
181 42431649 42431650 13.809
182 42431650 596775963 13.1374
183 42431652 42431654 12.7469
184 42431654 42431656 13.8032
185 42431656 42431659 19.3038
186 42431659 42431661 20.413
187 42431661 42427972 19.4438
188 596775963 42431652 1.95214
189 42431671 42431674 13.8073
190 42431674 596776017 13.1395
191 42431677 42431678 12.7283
192 42431678 42431680 13.8464
193 42431680 42431681 19.3021
194 42431681 42431684 20.3942
195 42431684 42427991 19.4412
196 596776017 42431677 1.98238
197 42432190 42432189 16.2058
198 42432189 42432190 16.2058
199 595703226 42432395 2.9358
200 42432436 42432438 34.5504
201 42432438 561042200 31.9186
202 42432444 1731564119 23.8642
203 561042200 561042201 5.42768
204 561042201 42432444 32.4078
205 1731564119 42432451 10.6444
206 42431005 42432572 12.3846
207 42432556 42432558 24.4513
208 42432558 42432564 24.4585
209 42432564 42431005 24.6481
210 42430356 1811708610 0.895486
211 42432580 805764932 3.64072
212 805764932 805764935 1.93211
213 805764935 805764939 0.818713
214 805764939 42430356 9.07932
215 42432693 42430344 15.4854
216 42432736 42432737 12.4003
217 42432737 42432744 12.1055
218 42432744 42432756 24.3915
219 42432756 42432764 37.4776
220 42423564 42432867 7.56029
221 42432867 42423564 7.56029
222 42432818 42432825 7.7042
223 42432825 42432818 7.7042
224 42432825 596775935 7.33721
225 596775935 42432825 7.33721
226 42432834 42432847 7.0747
227 42432847 42432834 7.0747
228 42432847 42432856 7.66124
229 42432856 42432847 7.66124
230 42432856 42432861 10.7401
231 42432861 42432856 10.7401
232 42432861 42423564 3.78836
233 42423564 42432861 3.78836
234 596775935 42432834 1.05364
235 42432834 596775935 1.05364
236 595703294 42433161 14.603
237 42433161 595703294 14.603
238 42431104 42433252 24.5571
239 42433256 42431104 12.0303
240 42430491 371212085 3.4549
241 42433376 42433377 5.95779
242 42433377 42427026 5.58849
243 371212085 42433376 7.15932
244 589929444 42433422 11.9875
245 42428661 42433567 8.33963
246 42433565 42433564 13.4406
247 42433567 42433565 13.5912
248 42433870 1283225008 4.55241
249 1283225008 42433870 4.55241
250 561949979 595703383 1.35338
251 595703383 561949979 1.35338
252 1283225008 1283225237 1.68988
253 1283225237 1283225008 1.68988
254 1283225237 561949979 31.2834
255 561949979 1283225237 31.2834
256 42434072 42434074 7.70179
257 42434074 42434077 4.31788
258 42434077 420591229 2.26854
259 42434085 42434087 7.6783
260 100522741 420591231 0.571321
261 420591229 596775840 0.794133
262 420591231 42434085 6.50465
263 596775840 100522741 1.00584
264 42431039 42434161 21.4598
265 42434156 42434158 24.4733
266 42434158 42434160 24.4489
267 42434160 42431039 24.6257
268 42434166 42434165 13.8178
269 42434168 596776167 2.19715
270 42434169 42434168 12.7626
271 42434172 42434169 13.8157
272 42434175 42434172 19.3178
273 42434179 42434175 20.2462
274 596776167 42434166 12.8818
275 42423674 1740700807 3.23638
276 1740700807 42423674 3.23638
277 42430394 1740700804 23.7343
278 1740700804 42430394 23.7343
279 42434346 42430394 22.4533
280 42430394 42434346 22.4533
281 1740700804 42423674 0.78972
282 42423674 1740700804 0.78972
283 1740700807 1792535231 13.5353
284 1792535231 1740700807 13.5353
285 42434377 596776325 12.7462
286 42434382 42434384 12.7815
287 42434384 42434385 13.8096
288 42434385 42434386 19.3218
289 42434386 42434389 20.4374
290 42434389 42426804 8.27249
291 596776325 42434382 2.31694
292 42434894 596775825 2.2617
293 42434895 42434894 12.7724
294 42434898 42434895 13.8134
295 42434904 42434905 13.8154
296 42434905 42434904 13.8154
297 42434910 42434912 20.482
298 42434969 42434965 13.8793
299 42434974 42434969 37.0963
300 406048768 42434974 30.4824
301 371218803 42435240 17.2473
302 42435240 371218803 17.2473
303 42435388 42435387 13.8893
304 42435392 596776534 2.35512
305 42435395 42435392 12.7629
306 42435396 42435395 13.8417
307 42435398 42435396 19.3473
308 42435400 42435398 20.4031
309 42435403 42435400 19.4363
310 596776534 42435388 12.6973
311 42435497 42435499 7.684
312 42436475 42436477 13.8458
313 42436477 42436475 13.8458
314 42436477 596776057 13.0846
315 596776057 42436477 13.0846
316 42436481 42436484 12.6976
317 42436484 42436481 12.6976
318 42436484 42436486 13.8601
319 42436486 42436484 13.8601
320 42436486 42436489 19.3257
321 42436489 42436486 19.3257
322 42436489 42436492 20.392
323 42436492 42436489 20.392
324 596776057 42436481 2.0146
325 42436481 596776057 2.0146
326 42427965 42436531 19.4475
327 42436511 42436510 13.8191
328 42436514 596775930 1.92859
329 42436516 42436514 12.7291
330 42436519 42436516 13.814
331 42436527 42436519 19.3669
332 42436531 593300940 11.4057
333 593300940 42436527 8.95226
334 596775930 42436511 13.1682
335 42428045 42436551 19.4401
336 42436551 42428045 19.4401
337 42436539 42436537 13.7962
338 42436537 42436539 13.7962
339 42436541 596776150 2.1506
340 596776150 42436541 2.1506
341 42436544 42436541 12.7363
342 42436541 42436544 12.7363
343 42436546 42436544 13.8098
344 42436544 42436546 13.8098
345 42436549 42436546 19.3021
346 42436546 42436549 19.3021
347 42436551 42436549 20.4418
348 42436549 42436551 20.4418
349 42436556 42428045 20.2968
350 42428045 42436556 20.2968
351 596776150 42436539 12.9599
352 42436539 596776150 12.9599
353 42436575 42436582 70.2194
354 42436582 42436586 34.4473
355 42436586 42436590 48.4583
356 42436590 42436598 51.0113
357 42436604 42436610 13.8409
358 42436610 596776413 12.8006
359 42436614 42436619 12.785
360 42436619 42436624 13.7993
361 42436624 42436627 19.3158
362 42436627 42436630 20.4364
363 596776413 42436614 2.26864
364 42436637 42436640 13.824
365 42436640 596776349 12.7695
366 42436641 42436644 12.7721
367 42436644 42436647 13.8176
368 596776349 42436641 2.30146
369 42436651 42436653 20.4588
370 42436719 42436716 8.02525
371 42436746 42427786 34.5484
372 42436751 42436746 69.728
373 42436753 42436751 34.5318
374 42436754 42436753 48.253
375 42436756 42436754 51.1673
376 42436911 42436913 13.8178
377 42436913 596776078 13.045
378 42436914 42436917 12.7311
379 42436917 42436919 13.8144
380 42436919 42436921 19.3316
381 42436921 42436922 20.3945
382 42436922 42428016 19.4398
383 596776078 42436914 2.06162
384 42436949 42436947 14.2308
385 42436947 42436949 14.2308
386 42436957 42436959 20.7799
387 42436959 42436957 20.7799
388 42436959 1989931095 9.98238
389 1989931095 42436959 9.98238
390 42431094 42436999 6.46659
391 42436985 42435323 24.3159
392 42436990 42436985 24.4289
393 42436999 42436990 18.3045
394 42437005 42431094 17.668
395 42431057 42437052 24.63
396 42437050 42431447 24.216
397 42437052 42437050 24.44
398 42437058 42431057 14.6023
399 42437118 42437119 5.69015
400 42437119 42437118 5.69015
401 42433163 42437211 16.6891
402 42437211 42433163 16.6891
403 42437201 42437204 27.6144
404 42437204 42437201 27.6144
405 42437204 42433163 7.9721
406 42433163 42437204 7.9721
407 42437211 42437218 36.9003
408 42437218 42437211 36.9003
409 42431030 42437312 15.9189
410 42435308 42437300 24.2257
411 42437300 42437305 24.4603
412 42437305 42431030 24.6515
413 42437354 42437349 20.5185
414 42435272 42437384 24.4447
415 42437384 42431002 49.1355
416 42427985 42437451 19.3328
417 42437425 42437423 13.8399
418 42437428 596775973 1.97519
419 42437433 42437428 12.7453
420 42437436 42437433 13.8142
421 42437445 42437436 19.3146
422 42437451 42437445 20.4232
423 596775973 42437425 13.1237
424 42437514 42427747 5.42986
425 42437519 497412673 11.7427
426 497412673 42437514 3.24186
427 42437830 1927758595 1.34411
428 1927758595 1927758597 11.454
429 1927758597 1927758598 5.67477
430 1927758598 42437826 12.5415
431 42431118 42437920 12.7732
432 42435337 42437916 12.4262
433 42437916 42437917 12.0724
434 42437917 42437918 24.3973
435 42437918 42431118 24.7106
436 42431044 42438045 24.594
437 42438043 42435312 24.4738
438 42438045 42438043 24.4467
439 42438052 42431044 21.4515
440 42438084 42432324 38.2963
441 42432324 42438084 38.2963
442 42438362 685164636 0.995163
443 685164636 42438362 0.995163
444 42438390 42438439 7.7692
445 42438439 42438390 7.7692
446 42438439 685164634 12.1186
447 685164634 42438439 12.1186
448 685164634 42438463 0.901146
449 42438463 685164634 0.901146
450 685164636 42438390 10.783
451 42438390 685164636 10.783
452 42428022 42438513 20.297
453 42438485 42438487 13.8076
454 42438487 596776083 13.032
455 42438490 42438498 12.7319
456 42438498 42438503 13.8066
457 42438503 42438506 19.3422
458 42438506 42438509 20.442
459 42438509 42428022 19.3887
460 596776083 42438490 2.07917
461 596799891 42427036 1.49148
462 42424225 42438859 24.5318
463 42438859 42424225 24.5318
464 370924677 370924689 7.17689
465 42438949 42438947 12.7775
466 42438953 42438949 13.8024
467 42438961 42438963 13.7736
468 42438963 42438961 13.7736
469 42438973 42438971 20.491
470 42438998 595655123 11.4662
471 42439006 595655124 1.33622
472 387185086 42438998 7.1484
473 595655124 387185086 12.219
474 42424805 561949997 3.92663
475 561949997 42433881 5.80068
476 42437289 685164633 1.4147
477 685164633 42437289 1.4147
478 42439304 42439308 6.73126
479 42439308 42439304 6.73126
480 42439308 685164631 10.7341
481 685164631 42439308 10.7341
482 685164631 42439323 1.53301
483 42439323 685164631 1.53301
484 685164633 42439304 11.7359
485 42439304 685164633 11.7359
486 42429346 42439384 4.96662
487 42439384 42429346 4.96662
488 42428027 42439416 20.2927
489 42439389 42439392 13.8119
490 42439392 596776127 13.0095
491 42439395 42439399 12.7392
492 42439399 42439403 13.8188
493 42439403 42439406 19.3263
494 42439406 42439409 20.4172
495 42439409 42428027 19.4165
496 596776127 42439395 2.09455
497 42439485 42439486 13.9001
498 42439486 596776442 12.6674
499 42439488 42439489 12.7924
500 42439489 42439490 13.8325
501 42439490 42439497 19.3251
502 42439497 42439498 20.3889
503 42439498 42439506 19.4492
504 596776442 42439488 2.38022
505 42439553 42439556 13.795
506 42439556 596788016 13.0669
507 42439557 42439559 12.7479
508 42439559 42439561 13.7935
509 42439561 42439563 19.3223
510 42439563 42439567 20.4232
511 42439567 42428012 19.4039
512 596788016 42439557 2.03157
513 42433743 1203883687 2.0924
514 1203883687 595703242 9.68433
515 42423674 42440025 4.13034
516 42431549 42440020 3.91722
517 42440004 42439996 11.8531
518 42440009 42440004 3.88788
519 42440012 42440009 3.98061
520 42440015 42440012 3.91972
521 42440020 42440015 3.99901
522 42440022 42431549 4.30113
523 42440025 42440022 4.37009
524 42430358 805764967 9.09301
525 805764967 805764973 0.972817
526 805764973 805764974 1.7458
527 805764974 42440153 3.64517
528 42433870 42440296 0.969816
529 42440296 1251382472 1.1942
530 1251382472 42434346 1.63138
531 42440313 1251382490 2.79851
532 1251382490 42440313 2.79851
533 1251382490 42434346 2.7044
534 42434346 1251382490 2.7044
535 42440397 1740694097 6.61763
536 1740694097 42440397 6.61763
537 1740694097 248709733 5.9692
538 248709733 1740694097 5.9692
539 42440476 42440472 2.80682
540 42440472 42440476 2.80682
541 42440565 42436716 4.0557
542 42440587 1927758598 8.84457
543 1927758598 42440587 8.84457
544 42438390 42440592 5.39612
545 42440592 42438390 5.39612
546 42438998 42440595 4.68195
547 42440595 42438998 4.68195
548 42440599 1927758597 9.02217
549 1927758597 42440599 9.02217
550 42440603 42438439 4.72413
551 42438439 42440603 4.72413
552 42440608 42439308 8.82712
553 42439308 42440608 8.82712
554 42439304 42440611 8.2336
555 42440611 42439304 8.2336
556 387185086 42440619 4.2113
557 42440619 387185086 4.2113
558 42430375 1828749423 14.891
559 42440020 595269593 88.8394
560 42440951 42430375 27.7951
561 1828749423 42440020 9.62397
562 42437005 42425348 7.25358
563 42441521 42437005 7.93882
564 42441526 42441521 7.27993
565 595314125 42441526 5.26427
566 42425348 595314114 3.62708
567 595314114 42425348 3.62708
568 595314125 42425348 15.1597
569 42425348 595314125 15.1597
570 42431413 248709595 0.852063
571 248709595 42442175 25.8509
572 247225067 1203806320 25.9435
573 1203806320 247225067 25.9435
574 42442788 42442791 9.88256
575 370893396 42442788 1.83234
576 42429819 42435553 5.83979
577 42443264 42443263 12.7086
578 42443263 42443268 14.7765
579 42431293 1994240886 0.304244
580 1994240886 42425232 7.67117
581 42427915 42443280 13.5159
582 42443280 42427915 13.5159
583 42421737 42437917 4.23691
584 42421769 42443347 4.28671
585 42421803 42437300 3.9926
586 42421996 42438043 3.96528
587 42428061 42438859 3.75347
588 42429998 42439454 3.94534
589 42432558 42443336 4.194
590 42432744 42421737 4.28803
591 42433565 42443280 4.25035
592 42434158 42443353 4.27022
593 42435359 42443426 3.63951
594 42436985 42443366 4.00248
595 42437050 42421996 3.99675
596 42437300 42433565 4.01695
597 42437384 42443332 4.00132
598 42437917 42443406 3.97276
599 42438043 42434158 3.97889
600 42438859 42443346 4.284
601 42439454 42443320 3.92157
602 42443280 42421769 3.77519
603 42443320 42440934 23.7717
604 42443326 42429998 3.96252
605 42443329 42443326 3.94972
606 42443332 42443329 3.86181
607 42443336 42437384 4.27965
608 42443341 42432558 4.17063
609 42443344 42443341 4.02211
610 42443346 42443344 3.97928
611 42443347 42428061 4.32329
612 42443349 42421803 4.00071
613 42443353 42443349 4.31256
614 42443361 42437050 3.91316
615 42443363 42443361 3.93817
616 42443366 42443363 3.99486
617 42443373 42436985 3.92447
618 42443381 42443373 4.24257
619 42443388 42443381 4.32617
620 42443403 42443388 12.184
621 42443406 1807940791 4.12822
622 42443413 42432744 3.96362
623 42443426 42443413 4.0041
624 1807940791 42443403 11.4292
625 42431078 42442502 24.6887
626 42441526 42431078 12.7848
627 42442502 42443363 24.4358
628 42443363 42435317 24.2899
629 42431544 42443612 13.8541
630 42442960 42443618 20.4279
631 42443612 596775951 13.2111
632 42443613 42443614 12.7446
633 42443614 42443615 13.7986
634 42443615 42442960 19.3352
635 42443618 42440567 19.435
636 596775951 42443613 1.88852
637 42425232 42443388 13.495
638 42442542 42428716 7.34422
639 42443388 1852323272 4.8358
640 1852323272 42442542 8.74201
641 100515086 100524007 324.212
642 100524007 100515086 324.212
643 42777346 100654574 18.381
644 100654574 42777346 18.381
645 100654574 100654576 17.5146
646 100654576 100654574 17.5146
647 100654576 42443712 98.6656
648 42443712 100654576 98.6656
649 42443804 42443806 7.76933
650 42429552 42443817 13.7765
651 42443092 42443824 20.4307
652 42443817 596776594 12.8168
653 42443818 42443819 12.8187
654 42443819 42443821 13.8084
655 42443821 42443092 19.298
656 42443824 42443826 19.4123
657 596776594 42443818 2.39678
658 42443917 607923315 9.1931
659 607923315 42443917 9.1931
660 607923315 42443920 0.566533
661 42443920 607923315 0.566533
662 42442947 42444051 10.7369
663 42444055 42442947 11.5976
664 42435310 42443353 24.3848
665 42443353 42435310 24.3848
666 42442480 42428674 13.7822
667 42428674 42442480 13.7822
668 42443353 42442480 24.4522
669 42442480 42443353 24.4522
670 42443052 42444506 20.4089
671 42444506 42443052 20.4089
672 42444485 42444487 13.8289
673 42444487 42444485 13.8289
674 42444487 596776173 12.8917
675 596776173 42444487 12.8917
676 42444491 42444495 12.7671
677 42444495 42444491 12.7671
678 42444495 42444500 13.8006
679 42444500 42444495 13.8006
680 42444500 42443052 19.3564
681 42443052 42444500 19.3564
682 596776173 42444491 2.18968
683 42444491 596776173 2.18968
684 42428047 42444822 20.2229
685 42444822 42428047 20.2229
686 42443044 42444820 20.4439
687 42444820 42443044 20.4439
688 42444809 42444810 13.9129
689 42444810 42444809 13.9129
690 42444810 596776156 12.93
691 596776156 42444810 12.93
692 42444812 42444814 12.739
693 42444814 42444812 12.739
694 42444814 42444817 13.7429
695 42444817 42444814 13.7429
696 42444817 42443044 19.3604
697 42443044 42444817 19.3604
698 42444820 42428047 19.4379
699 42428047 42444820 19.4379
700 596776156 42444812 2.1591
701 42444812 596776156 2.1591
702 42444825 42444827 39.4296
703 42444827 42444832 39.1708
704 42444832 42444833 20.2643
705 42444833 42444835 20.65
706 42433743 42446728 3.76376
707 42446728 42433743 3.76376
708 42437211 42446775 11.8327
709 42446775 42437211 11.8327
710 42446728 42437211 3.96916
711 42437211 42446728 3.96916
712 42446775 42432889 4.35125
713 42432889 42446775 4.35125
714 42430394 1283225261 1.45512
715 73787726 1283225267 9.00475
716 1283225261 73787726 1.32814
717 1283225267 42442142 6.60908
718 42423677 247226554 4.92213
719 42442142 1283225243 6.31194
720 247226554 1283225030 6.29371
721 1283225030 42442142 5.43829
722 1283225243 1420632008 6.74898
723 1420632008 1420632001 1.084
724 42427030 1241308809 0.498645
725 42428005 42445247 19.4173
726 42443009 42445236 19.2986
727 42445227 42445225 13.8104
728 42445230 596776021 2.00592
729 42445232 42445230 12.7424
730 42445236 42445232 13.838
731 42445247 42443009 20.4155
732 596776021 42445227 13.0978
733 1241308809 42428005 18.0513
734 42445256 596776231 12.8212
735 596776231 42445256 12.8212
736 42437644 42445365 6.90944
737 42445365 42437644 6.90944
738 42442914 42445387 2.82659
739 42445387 42442914 2.82659
740 42445365 561042190 6.50236
741 561042190 42445365 6.50236
742 42445369 42445374 6.5122
743 42445374 42445369 6.5122
744 42445374 42445378 6.91443
745 42445378 42445374 6.91443
746 42445378 42445382 3.28515
747 42445382 42445378 3.28515
748 42445382 42442914 6.38276
749 42442914 42445382 6.38276
750 561042190 42445369 0.931005
751 42445369 561042190 0.931005
752 42437686 42445404 34.5186
753 42442902 1293174689 7.27233
754 42445404 42445411 69.7275
755 42445411 42445413 34.5523
756 42445413 42442902 48.0057
757 42445417 42445420 47.7402
758 1293174689 42445417 44.0932
759 42445426 42445430 19.329
760 42445430 42445426 19.329
761 42435295 42443344 24.4737
762 42443344 42435295 24.4737
763 42443344 42442451 24.4839
764 42442451 42443344 24.4839
765 42445598 248709626 2.49167
766 248709626 42445598 2.49167
767 42442933 42445664 29.7409
768 42445651 42445649 34.4884
769 42445653 561042195 4.86741
770 42445656 42445653 32.7988
771 42445661 42445656 34.533
772 42445664 42445661 18.6099
773 42445666 42442933 18.4283
774 42445667 42445666 32.6889
775 561042195 42445651 32.1772
776 42428043 42445757 20.2966
777 42445757 42428043 20.2966
778 42443042 42445748 20.4265
779 42445748 42443042 20.4265
780 42445731 42445733 13.8239
781 42445733 42445731 13.8239
782 42445733 596776103 12.9555
783 596776103 42445733 12.9555
784 42445736 42445738 12.762
785 42445738 42445736 12.762
786 42445738 42445740 13.7807
787 42445740 42445738 13.7807
788 42445740 42443042 19.3345
789 42443042 42445740 19.3345
790 42445748 42428043 19.4269
791 42428043 42445748 19.4269
792 596776103 42445736 2.14359
793 42445736 596776103 2.14359
794 593886253 42432540 5.55313
795 42432540 593886253 5.55313
796 42445817 596775808 2.29401
797 42445823 42445817 12.7748
798 42445827 42445823 13.8099
799 42445840 42445843 13.8404
800 42445843 42445840 13.8404
801 42445848 42433516 14.9473
802 42433516 42445848 14.9473
803 42445855 42445857 8.91296
804 42445857 42445855 8.91296
805 42429682 42445227 3.94256
806 42429876 42445885 3.89649
807 42429971 42431650 3.96276
808 42430052 42446013 4.0179
809 42431650 42445972 3.95641
810 42431674 42445994 3.92001
811 42432438 42445916 4.19054
812 42432825 42445947 4.34698
813 42434074 42445924 3.89692
814 42434948 42445908 3.89923
815 42436477 42438791 4.29222
816 42436511 42445961 3.93944
817 42436575 42445879 3.92966
818 42436701 42445936 3.94615
819 42436746 42445404 3.89444
820 42436913 42446021 4.29394
821 42437425 42431674 3.98205
822 42438487 42446026 4.00651
823 42438791 42439556 3.99588
824 42438881 42445928 3.95763
825 42439392 42446031 4.01752
826 42439556 42430052 4.03292
827 42440453 42445930 3.9338
828 42443612 42432825 4.25638
829 42444043 42434074 3.95792
830 42445227 42436477 4.32018
831 42445365 42434948 4.20719
832 42445404 42445896 3.89645
833 42445651 42445914 3.90824
834 42445867 42436575 4.03937
835 42445879 42429876 3.97762
836 42445885 42445888 3.90818
837 42445888 42436746 3.91222
838 42445896 42445899 3.97567
839 42445899 42445365 8.04525
840 42445908 42445909 3.71962
841 42445909 42445910 4.06575
842 42445910 42445651 3.91327
843 42445914 42432438 3.90078
844 42445916 42445917 4.30297
845 42445917 42445920 3.90804
846 42445920 42444043 3.96373
847 42445924 42445926 4.00725
848 42445926 42438881 3.95807
849 42445928 42440453 3.95306
850 42445930 42436701 3.97432
851 42445936 42445941 3.95421
852 42445941 42443612 3.9542
853 42445947 42445950 3.91969
854 42445950 42445953 3.91892
855 42445953 42436511 3.9378
856 42445961 42429971 3.9493
857 42445972 42445976 3.9305
858 42445976 42437425 3.95251
859 42445994 42429682 3.97901
860 42446013 42446016 3.98905
861 42446016 42436913 3.94742
862 42446021 42438487 4.37535
863 42446026 42439392 4.02015
864 42446031 42435499 4.00467
865 42422537 42442898 18.3276
866 42438544 42445888 34.5322
867 42445888 42446270 69.7406
868 42446270 42446275 34.5616
869 42446275 42422537 30.0271
870 42446293 42446291 9.03541
871 42431089 42441521 14.3855
872 42435319 42443366 24.3872
873 42442514 42431089 24.7041
874 42443366 42442514 24.4323
875 42442794 607922768 9.67168
876 42446398 370893397 1.69301
877 607922768 42446398 1.06896
878 42435556 42446424 6.60347
879 42435266 42443329 24.4518
880 42443329 1733614298 24.4144
881 42428015 42430959 13.1379
882 42439070 42446547 95.3015
883 42446547 42446562 39.1534
884 42446562 42446571 20.0758
885 42433161 42446728 21.0859
886 42446728 42433161 21.0859
887 42446721 42446723 27.7676
888 42446723 42446721 27.7676
889 42446723 42433161 3.39446
890 42433161 42446723 3.39446
891 42446728 42446733 36.9037
892 42446733 42446728 36.9037
893 42433173 42446775 3.72291
894 42435387 42446772 27.7722
895 42446772 42433173 20.7867
896 42446775 42446778 36.8533
897 42446778 42440108 8.03346
898 42442983 42447235 10.7253
899 42445976 42447228 7.71187
900 42447069 42447230 7.07705
901 42447230 596775979 1.09297
902 42447235 42447069 7.68138
903 42447237 42442983 11.3388
904 596775979 42445976 7.2873
905 42447242 42422722 10.7312
906 42421731 42432737 7.73463
907 42432737 42421731 7.73463
908 42432737 42447295 7.16514
909 42447295 42432737 7.16514
910 42437218 42446778 21.4179
911 42446778 42437218 21.4179
912 42437916 42421731 7.56729
913 42421731 42437916 7.56729
914 42446733 42437218 7.12339
915 42437218 42446733 7.12339
916 42446778 42447336 51.0967
917 42447336 42446778 51.0967
918 42447273 42447275 7.70147
919 42447275 42447273 7.70147
920 42447275 42447278 7.11687
921 42447278 42447275 7.11687
922 42447278 42447281 7.18019
923 42447281 42447278 7.18019
924 42447281 42447285 7.13848
925 42447285 42447281 7.13848
926 42447285 42437916 7.19723
927 42437916 42447285 7.19723
928 42447295 42447303 7.14421
929 42447303 42447295 7.14421
930 42447303 42446733 14.2913
931 42446733 42447303 14.2913
932 42447412 1241820953 6.8295
933 1241820953 42447412 6.8295
934 42448079 42448081 9.27218
935 42448081 42448079 9.27218
936 42440587 42440599 1.8164
937 42440599 42440587 1.8164
938 42440592 42440587 4.61721
939 42440587 42440592 4.61721
940 42440595 42440619 3.81562
941 42440619 42440595 3.81562
942 42440599 42440595 4.52538
943 42440595 42440599 4.52538
944 42440603 1769768722 2.07688
945 1769768722 42440603 2.07688
946 42440608 42440611 1.74302
947 42440611 42440608 1.74302
948 42440611 42440603 4.51269
949 42440603 42440611 4.51269
950 42440619 42440608 4.63522
951 42440608 42440619 4.63522
952 1769768722 42440592 2.04313
953 42440592 1769768722 2.04313
954 42429557 42431107 15.6135
955 42431107 42442552 24.5629
956 42442552 42443403 24.4426
957 42443403 42447273 12.021
958 42447273 42425570 12.4978
959 42431116 42442561 24.6044
960 42441299 42441907 1.83085
961 42441907 42431116 12.9445
962 42442561 42443406 24.401
963 42443406 42447285 12.0568
964 42447285 42435336 12.4697
965 1331391393 42448257 8.79758
966 42448257 1331391393 8.79758
967 42435240 42443826 7.42055
968 42443826 42435240 7.42055
969 42435403 42448278 7.4609
970 42448278 42435403 7.4609
971 42439506 42435240 7.14237
972 42435240 42439506 7.14237
973 42445430 42435403 6.97504
974 42435403 42445430 6.97504
975 42448278 42448283 7.94336
976 42448283 42448278 7.94336
977 42448283 42439506 7.1359
978 42439506 42448283 7.1359
979 42435343 42447303 12.2322
980 42442567 42441913 37.5615
981 42443426 42442567 24.5762
982 42447303 42443426 11.9459
983 1241986499 42448299 0.621734
984 42448299 1241986499 0.621734
985 42424089 371037281 12.6769
986 42440313 42445950 13.9054
987 42445950 596775946 13.1788
988 42447009 42448321 13.828
989 42448317 42447009 12.7222
990 42448321 42424089 19.4144
991 596775946 42448317 1.91321
992 42448406 42440566 3.47648
993 42440566 42448406 3.47648
994 42448423 42424767 7.32516
995 42424767 42448423 7.32516
996 42437881 42445867 7.68937
997 42445867 42437881 7.68937
998 42442889 42448707 11.4715
999 42448707 42442889 11.4715
1000 42445867 42446925 15.5124
1001 42446925 42445867 15.5124
1002 42446925 42442889 18.453
1003 42442889 42446925 18.453
1004 42443048 42448745 20.4257
1005 42448745 42443048 20.4257
1006 42446070 596776177 12.9162
1007 596776177 42446070 12.9162
1008 42447149 42448735 13.8119
1009 42448735 42447149 13.8119
1010 42448726 42446070 13.8262
1011 42446070 42448726 13.8262
1012 42448729 42447149 12.7566
1013 42447149 42448729 12.7566
1014 42448735 42443048 19.3049
1015 42443048 42448735 19.3049
1016 42448745 42428052 19.5199
1017 42428052 42448745 19.5199
1018 596776177 42448729 2.17413
1019 42448729 596776177 2.17413
1020 42431009 42442459 24.6874
1021 42441668 42431009 15.8283
1022 42442459 42443346 24.4815
1023 42443346 42435301 24.4762
1024 42443528 42445926 13.8961
1025 42445926 596775882 13.2697
1026 42446987 42448813 13.7866
1027 42448811 1745991208 5.5258
1028 42448813 42442949 19.3685
1029 596775882 42448811 1.82626
1030 1745991208 42446987 7.23096
1031 42448828 42426420 2.43963
1032 42426420 42448828 2.43963
1033 42448857 1241986599 1.58622
1034 1241986599 42448857 1.58622
1035 593428194 42424905 5.95435
1036 42424905 593428194 5.95435
1037 1241986599 593428194 4.0811
1038 593428194 1241986599 4.0811
1039 42426789 42448885 4.50211
1040 42448885 42426789 4.50211
1041 42426928 42426775 10.3056
1042 42426775 42426928 10.3056
1043 42446093 42443264 7.69788
1044 42449029 42449027 20.1806
1045 42449038 42449029 20.6832
1046 42440476 595119098 1.95152
1047 595119098 42440476 1.95152
1048 42449187 42433927 8.69004
1049 42433927 1382339082 5.30657
1050 1382339082 42435497 4.01408
1051 42443680 42445899 34.4818
1052 42445899 42446934 69.8045
1053 42446934 42449314 34.4794
1054 42449314 42442910 48.2486
1055 42446291 42449352 6.65053
1056 42449352 42429910 7.13872
1057 42436756 42449390 14.1946
1058 42449390 42436756 14.1946
1059 42437201 42446155 13.8878
1060 42443078 42449427 20.4421
1061 42446155 596776546 12.7223
1062 42447196 42449422 13.8033
1063 42449413 42447196 12.7806
1064 42449422 42443078 19.3258
1065 596776546 42449413 2.33252
1066 277481443 42423206 27.0938
1067 42436700 1745856081 11.4699
1068 1745856081 42430367 3.96872
1069 42422899 1577321470 2.53081
1070 42449691 1577501047 3.12456
1071 1577321470 42449689 4.73896
1072 1577501047 42422899 2.79394
1073 42449846 42448283 11.2547
1074 42448283 42449846 11.2547
1075 42439416 371206272 4.82449
1076 371206272 42439416 4.82449
1077 42450109 1241986707 98.4176
1078 1241986707 42450109 98.4176
1079 42422722 42426042 13.54
1080 42425801 42427070 6.44282
1081 42425820 42425862 9.15345
1082 42425862 42425801 5.8167
1083 42426042 42425820 2.86048
1084 248709714 1170604778 10.4134
1085 1170604778 248709714 10.4134
1086 42431067 42441535 13.3013
1087 42435316 42443361 24.2966
1088 42442492 42431067 24.6756
1089 42443361 42442492 24.4386
1090 42443068 42450468 20.4222
1091 42450468 42443068 20.4222
1092 42446138 596776201 12.7877
1093 596776201 42446138 12.7877
1094 42447182 42450057 13.8327
1095 42450057 42447182 13.8327
1096 42450057 42443068 19.3224
1097 42443068 42450057 19.3224
1098 42450456 42446138 13.8362
1099 42446138 42450456 13.8362
1100 42450460 42447182 12.7533
1101 42447182 42450460 12.7533
1102 42450468 42433513 19.2657
1103 42433513 42450468 19.2657
1104 596776201 42450460 2.28512
1105 42450460 596776201 2.28512
1106 42442175 595703342 1.8562
1107 42436475 1472637761 12.8591
1108 1472637761 42436475 12.8591
1109 1472637761 373268484 7.51465
1110 373268484 1472637761 7.51465
1111 370892861 607922915 26.1965
1112 607922915 42423051 1.51606
1113 42423549 42423053 7.82765
1114 370895457 42423549 23.919
1115 370898426 1991212105 2.1586
1116 370898636 370898426 6.22995
1117 1991212105 370895457 11.981
1118 42433422 42451231 10.5383
1119 42451710 42451712 12.9843
1120 42451712 42451710 12.9843
1121 42451722 42443917 7.46803
1122 42443917 42451722 7.46803
1123 42429348 42451773 7.6267
1124 42451773 42429348 7.6267
1125 42435522 42451766 7.16621
1126 42451766 42435522 7.16621
1127 42438513 42451754 7.1184
1128 42451754 42438513 7.1184
1129 42439416 42448257 7.17609
1130 42448257 42439416 7.17609
1131 42445757 42436556 7.15014
1132 42436556 42445757 7.15014
1133 42448257 42435522 7.27405
1134 42435522 42448257 7.27405
1135 42451744 42438513 7.90939
1136 42438513 42451744 7.90939
1137 42451754 42439416 7.42055
1138 42439416 42451754 7.42055
1139 42451766 42429348 7.78587
1140 42429348 42451766 7.78587
1141 42451773 42445757 7.13275
1142 42445757 42451773 7.13275
1143 42430350 593921860 102.972
1144 42452353 42430350 27.8734
1145 42424439 42443381 24.3015
1146 42443381 42424439 24.3015
1147 42442534 42428714 13.4331
1148 42428714 42442534 13.4331
1149 42443381 42442534 24.4235
1150 42442534 42443381 24.4235
1151 42432189 42452117 9.77977
1152 42452117 42432189 9.77977
1153 42435550 42432189 5.53133
1154 42432189 42435550 5.53133
1155 42426418 42448828 2.54425
1156 42448828 42426418 2.54425
1157 42448857 593416870 17.8413
1158 593416870 42448857 17.8413
1159 42427064 42447242 37.855
1160 1241986496 1241986487 19.5133
1161 1241986487 1241986496 19.5133
1162 42443050 42450037 19.3051
1163 42450037 42443050 19.3051
1164 42446072 42452809 13.8402
1165 42452809 42446072 13.8402
1166 42447154 42452812 12.769
1167 42452812 42447154 12.769
1168 42450037 42447154 13.8109
1169 42447154 42450037 13.8109
1170 42452812 596776144 2.18163
1171 596776144 42452812 2.18163
1172 42452814 42443050 20.4447
1173 42443050 42452814 20.4447
1174 589929417 42452814 16.726
1175 42452814 589929417 16.726
1176 596776144 42446072 12.8829
1177 42446072 596776144 12.8829
1178 42442955 42452882 20.4358
1179 42445930 596775914 13.2733
1180 42446353 42445930 13.8515
1181 42446994 42449961 13.8128
1182 42449961 42442955 19.3253
1183 42452875 1613391277 3.39799
1184 596775914 42452875 1.85665
1185 1613391277 42446994 9.34038
1186 42431111 42442557 24.5
1187 42441899 42431111 13.0028
1188 42435333 42447278 12.4855
1189 42447278 42435333 12.4855
1190 42425100 42446424 5.40944
1191 42446424 42425100 5.40944
1192 42446424 42452936 5.48382
1193 42452936 42446424 5.48382
1194 371206274 42451754 3.30293
1195 42451754 371206274 3.30293
1196 42443556 42445920 13.8747
1197 42445920 42443807 7.78029
1198 42442943 42453000 20.9776
1199 42446977 42449948 13.8015
1200 42449948 42442943 19.3151
1201 42442935 42453008 18.4828
1202 42445914 561042198 32.0366
1203 42446488 42445914 34.5251
1204 42446949 1731564121 23.7897
1205 42449942 42453007 18.7026
1206 42453005 42446949 32.7706
1207 42453007 42442935 29.6421
1208 42453008 42453011 33.4785
1209 561042198 561042199 3.4869
1210 561042199 42453005 1.48401
1211 1731564121 42449942 10.7574
1212 42453080 42453087 5.90347
1213 42453087 42453080 5.90347
1214 42453087 42440472 7.09965
1215 42440472 42453087 7.09965
1216 42424851 42443349 24.3014
1217 42431034 42441569 21.4272
1218 42442475 42431034 24.6477
1219 42443349 42442475 24.4555
1220 42453156 42453158 14.8348
1221 42453158 42453156 14.8348
1222 42442913 42449928 48.3289
1223 42446935 42453183 33.2212
1224 42449928 42446935 34.556
1225 42453187 1729086998 28.4826
1226 1293174686 42442913 6.64336
1227 1729086998 1729087000 4.60823
1228 1729087000 1293174686 11.2989
1229 42426374 595703294 1.88159
1230 595703294 42426374 1.88159
1231 42437204 42446772 21.2035
1232 42446772 42437204 21.2035
1233 42446723 42437204 7.22434
1234 42437204 42446723 7.22434
1235 42446772 42440371 163.552
1236 42440371 42446772 163.552
1237 595703294 42446723 4.88048
1238 42446723 595703294 4.88048
1239 42446099 596776166 12.8526
1240 42453575 42446099 13.8293
1241 42453674 42453679 1.37499
1242 42453679 42433870 1.43598
1243 42443081 42453714 9.6615
1244 42453714 42443081 9.6615
1245 42453709 42443081 11.2727
1246 42443081 42453709 11.2727
1247 42431007 42442445 24.6695
1248 42441654 42431007 14.1068
1249 42442445 42443341 24.4871
1250 42443341 42435283 24.4609
1251 42453884 1993136726 0.655189
1252 1993136726 42453884 0.655189
1253 42433604 42445910 34.5495
1254 42442931 42454006 18.3067
1255 42445910 561042194 32.1772
1256 42446945 42449938 34.5218
1257 42449938 42453999 18.6502
1258 42453986 42446945 32.5927
1259 42453999 42442931 29.7783
1260 42454006 1577321467 21.1981
1261 561042194 42453986 4.95857
1262 1577321467 42454010 11.5215
1263 42430361 1828749428 14.5935
1264 42440004 595269418 81.1515
1265 42440452 805764995 9.71584
1266 805764995 805764998 1.75517
1267 805764998 42430361 16.3665
1268 1828749428 42440004 9.85187
1269 42442463 42428653 15.2412
1270 42428653 42442463 15.2412
1271 42443347 42442463 24.4728
1272 42442463 42443347 24.4728
1273 42428039 42454196 19.417
1274 42454196 42428039 19.417
1275 42443040 42450030 19.345
1276 42450030 42443040 19.345
1277 42446041 42454189 13.8179
1278 42454189 42446041 13.8179
1279 42447136 42454192 12.7373
1280 42454192 42447136 12.7373
1281 42450030 42447136 13.8103
1282 42447136 42450030 13.8103
1283 42451773 42428039 20.2905
1284 42428039 42451773 20.2905
1285 42454192 596776115 2.13491
1286 596776115 42454192 2.13491
1287 42454196 42443040 20.4182
1288 42443040 42454196 20.4182
1289 596776115 42446041 12.9678
1290 42446041 596776115 12.9678
1291 42449352 42454209 inf
1292 42454209 42449352 inf
1293 42454214 42422860 9.46264
1294 42422860 42454214 9.46264
1295 42435522 589298105 8.33748
1296 589298105 42435522 8.33748
1297 42422539 42429898 17.3872
1298 42429898 42422539 17.3872
1299 42448850 1242825853 8.29615
1300 1242825853 42448850 8.29615
1301 1242825853 42448852 8.32563
1302 42448852 1242825853 8.32563
1303 42454495 593886231 1.77659
1304 42453008 42445666 6.96007
1305 42422539 42449918 30.3127
1306 42442895 42422539 18.0812
1307 42445885 42434800 34.5194
1308 42446932 42445885 69.7576
1309 42449918 42446932 34.5124
