0 60562415 60562427 20.964
1 32787568 416590384 90.6754
2 416590384 32787568 90.6754
3 32834258 32787568 39.7468
4 32787568 32834258 39.7468
5 350980532 30516981 23.3939
6 30516981 350980532 23.3939
7 350980534 350980532 4.69684
8 350980532 350980534 4.69684
9 416590371 350980534 14.6065
10 350980534 416590371 14.6065
11 416590375 416590371 3.77946
12 416590371 416590375 3.77946
13 416590384 416590375 5.76551
14 416590375 416590384 5.76551
15 30472409 516546122 0.388694
16 516546122 30472409 0.388694
17 30473071 30521615 1.6284
18 30521615 30473071 1.6284
19 30473526 1837296415 0.543285
20 1837296415 30473526 0.543285
21 30474227 1837296422 1.06744
22 1837296422 30474227 1.06744
23 30474659 259144725 1.50939
24 259144725 30474659 1.50939
25 30475256 30475988 0.909365
26 30475988 30475256 0.909365
27 30475988 32816584 124.296
28 32816584 30475988 124.296
29 30476398 516512585 0.60285
30 516512585 30476398 0.60285
31 30476917 516512601 1.89252
32 516512601 30476917 1.89252
33 30513258 30527896 4.29304
34 30527896 30513258 4.29304
35 30515142 516546112 0.458889
36 516546112 30515142 0.458889
37 30515249 1731260715 2.01662
38 1731260715 30515249 2.01662
39 30516981 30527385 38.1251
40 30527385 30516981 38.1251
41 30517781 30520311 5.715
42 30520311 30517781 5.715
43 30518676 1837296427 0.762466
44 1837296427 30518676 0.762466
45 30520311 30473071 1.50957
46 30473071 30520311 1.50957
47 30521004 30474227 1.24381
48 30474227 30521004 1.24381
49 30521615 1731260717 1.18685
50 1731260717 30521615 1.18685
51 30522132 30475256 0.905679
52 30475256 30522132 0.905679
53 30522506 516512553 0.284869
54 516512553 30522506 0.284869
55 30523502 516512533 0.25821
56 516512533 30523502 0.25821
57 30524640 516546099 1.01021
58 516546099 30524640 1.01021
59 30527385 30515249 1.49975
60 30515249 30527385 1.49975
61 30527758 1837296429 0.270109
62 1837296429 30527758 0.270109
63 30527896 516546107 1.05361
64 516546107 30527896 1.05361
65 32774543 32820072 7.61516
66 32820072 32774543 7.61516
67 32779410 32791070 3.16687
68 32791070 32779410 3.16687
69 32791070 32812622 2.08569
70 32812622 32791070 2.08569
71 32812622 32774543 7.36714
72 32774543 32812622 7.36714
73 32816584 32834218 2.36007
74 32834218 32816584 2.36007
75 32820072 32842763 4.28297
76 32842763 32820072 4.28297
77 32834218 32779410 3.32642
78 32779410 32834218 3.32642
79 32842763 1869327709 4.19921
80 1869327709 32842763 4.19921
81 118375194 516546110 0.447134
82 516546110 118375194 0.447134
83 118375207 516512570 1.65679
84 516512570 118375207 1.65679
85 259144706 516512607 0.709128
86 516512607 259144706 0.709128
87 259144708 1837296394 0.489883
88 1837296394 259144708 0.489883
89 259144725 516512566 0.679768
90 516512566 259144725 0.679768
91 259144726 516512567 0.839205
92 516512567 259144726 0.839205
93 301900985 516512599 0.340373
94 516512599 301900985 0.340373
95 516512531 30523502 0.619864
96 30523502 516512531 0.619864
97 516512533 516512535 0.220009
98 516512535 516512533 0.220009
99 516512535 516512540 0.328965
100 516512540 516512535 0.328965
101 516512536 30476917 1.25459
102 30476917 516512536 1.25459
103 516512538 516512536 0.665779
104 516512536 516512538 0.665779
105 516512540 516512538 0.263548
106 516512538 516512540 0.263548
107 516512553 516512562 0.986604
108 516512562 516512553 0.986604
109 516512562 516512563 1.59396
110 516512563 516512562 1.59396
111 516512563 516512564 0.564267
112 516512564 516512563 0.564267
113 516512564 30474659 0.410574
114 30474659 516512564 0.410574
115 516512566 259144726 0.704401
116 259144726 516512566 0.704401
117 516512567 516512568 0.495785
118 516512568 516512567 0.495785
119 516512568 118375207 0.760422
120 118375207 516512568 0.760422
121 516512570 516512582 0.715493
122 516512582 516512570 0.715493
123 516512582 30476398 0.524912
124 30476398 516512582 0.524912
125 516512584 516512586 0.713824
126 516512586 516512584 0.713824
127 516512585 516512584 0.659929
128 516512584 516512585 0.659929
129 516512586 516512531 0.725921
130 516512531 516512586 0.725921
131 516512599 30522506 1.43234
132 30522506 516512599 1.43234
133 516512601 516512603 1.02238
134 516512603 516512601 1.02238
135 516512603 516512605 0.415756
136 516512605 516512603 0.415756
137 516512605 259144706 0.400471
138 259144706 516512605 0.400471
139 516512607 1731277210 1.84728
140 1731277210 516512607 1.84728
141 516546097 633119650 1.02101
142 633119650 516546097 1.02101
143 516546099 516546101 0.77405
144 516546101 516546099 0.77405
145 516546101 259144708 0.572142
146 259144708 516546101 0.572142
147 516546103 516546105 0.340016
148 516546105 516546103 0.340016
149 516546105 30513258 0.571372
150 30513258 516546105 0.571372
151 516546107 1837296404 0.811462
152 1837296404 516546107 0.811462
153 516546110 1837296397 0.433485
154 1837296397 516546110 0.433485
155 516546112 1837296423 0.809605
156 1837296423 516546112 0.809605
157 516546118 516546120 0.932585
158 516546120 516546118 0.932585
159 516546120 1837296385 0.469988
160 1837296385 516546120 0.469988
161 516546122 1837296373 1.11776
162 1837296373 516546122 1.11776
163 633119650 30524640 0.39671
164 30524640 633119650 0.39671
165 1731260715 1731260716 1.92743
166 1731260716 1731260715 1.92743
167 1731260716 30517781 0.651794
168 30517781 1731260716 0.651794
169 1731260717 1731260718 0.898379
170 1731260718 1731260717 0.898379
171 1731260718 301900985 1.30866
172 301900985 1731260718 1.30866
173 1731277210 516546097 1.56453
174 516546097 1731277210 1.56453
175 1837296372 1837296396 0.390086
176 1837296396 1837296372 0.390086
177 1837296373 1837296413 1.3358
178 1837296413 1837296373 1.3358
179 1837296377 1837296440 0.883271
180 1837296440 1837296377 0.883271
181 1837296385 30472409 0.368311
182 30472409 1837296385 0.368311
183 1837296393 1837296417 0.327624
184 1837296417 1837296393 0.327624
185 1837296394 516546103 0.520701
186 516546103 1837296394 0.520701
187 1837296396 30522132 0.477701
188 30522132 1837296396 0.477701
189 1837296397 30515142 0.470739
190 30515142 1837296397 0.470739
191 1837296402 1837296372 0.27954
192 1837296372 1837296402 0.27954
193 1837296404 1837296393 2.11331
194 1837296393 1837296404 2.11331
195 1837296413 30518676 0.513718
196 30518676 1837296413 0.513718
197 1837296415 30521004 0.711682
198 30521004 1837296415 0.711682
199 1837296417 118375194 0.336828
200 118375194 1837296417 0.336828
201 1837296418 1837296402 0.436858
202 1837296402 1837296418 0.436858
203 1837296422 1837296418 0.737125
204 1837296418 1837296422 0.737125
205 1837296423 1837296377 1.02686
206 1837296377 1837296423 1.02686
207 1837296426 30473526 0.586462
208 30473526 1837296426 0.586462
209 1837296427 1837296426 0.608877
210 1837296426 1837296427 0.608877
211 1837296429 516546118 0.571571
212 516546118 1837296429 0.571571
213 1837296440 30527758 0.587233
214 30527758 1837296440 0.587233
215 32776627 32785931 3.69471
216 32785931 32776627 3.69471
217 32777015 646495574 0.66654
218 646495574 32777015 0.66654
219 32777246 32789123 2.7552
220 32789123 32777246 2.7552
221 32777894 32797506 2.71
222 32797506 32777894 2.71
223 32780011 32800838 1.95027
224 32800838 32780011 1.95027
225 32780796 646495581 1.49589
226 646495581 32780796 1.49589
227 32782334 32801215 2.50868
228 32801215 32782334 2.50868
229 32783600 1394073818 1.59514
230 1394073818 32783600 1.59514
231 32784491 32805143 2.33063
232 32805143 32784491 2.33063
233 32785931 32804819 3.87856
234 32804819 32785931 3.87856
235 32789123 32811241 3.91754
236 32811241 32789123 3.91754
237 32790290 32804460 3.07637
238 32804460 32790290 3.07637
239 32790658 32810440 3.62734
240 32810440 32790658 3.62734
241 32797506 1394073830 1.04559
242 1394073830 32797506 1.04559
243 32800353 32831913 6.99172
244 32831913 32800353 6.99172
245 32800838 32813363 4.43582
246 32813363 32800838 4.43582
247 32801215 32820059 3.2582
248 32820059 32801215 3.2582
249 32802562 32813043 4.09266
250 32813043 32802562 4.09266
251 32804460 1394073879 1.77353
252 1394073879 32804460 1.77353
253 32804819 32830726 3.45641
254 32830726 32804819 3.45641
255 32805143 32817671 3.59887
256 32817671 32805143 3.59887
257 32810440 32776627 4.13024
258 32776627 32810440 4.13024
259 32811241 32829537 2.0039
260 32829537 32811241 2.0039
261 32813043 1394073810 1.58314
262 1394073810 32813043 1.58314
263 32813363 32838480 4.44481
264 32838480 32813363 4.44481
265 32817242 32839628 2.80432
266 32839628 32817242 2.80432
267 32817671 1199059509 2.76169
268 1199059509 32817671 2.76169
269 32820059 646495614 1.7733
270 646495614 32820059 1.7733
271 32821055 32835700 5.27081
272 32835700 32821055 5.27081
273 32829537 32844112 1.62422
274 32844112 32829537 1.62422
275 32830726 32844245 5.01373
276 32844245 32830726 5.01373
277 32831913 885617903 2.83985
278 885617903 32831913 2.83985
279 32835700 32777894 2.1156
280 32777894 32835700 2.1156
281 32836019 661998041 1.01891
282 661998041 32836019 1.01891
283 32837108 32777015 2.68286
284 32777015 32837108 2.68286
285 32838480 32780796 59.2333
286 32780796 32838480 59.2333
287 32839628 32783600 3.31915
288 32783600 32839628 3.31915
289 32841006 32780011 1.93964
290 32780011 32841006 1.93964
291 32844112 32784491 1.7721
292 32784491 32844112 1.7721
293 32844245 32782334 4.31989
294 32782334 32844245 4.31989
295 638867928 32800353 0.605082
296 32800353 638867928 0.605082
297 646495570 1394073860 2.67097
298 1394073860 646495570 2.67097
299 646495574 646495570 0.189059
300 646495570 646495574 0.189059
301 646495581 32790658 1.57148
302 32790658 646495581 1.57148
303 646495614 646495629 13.5644
304 646495629 646495614 13.5644
305 646495629 32837108 1.0872
306 32837108 646495629 1.0872
307 661998041 32800632 40.7324
308 32800632 661998041 40.7324
309 661998042 32821055 0.832866
310 32821055 661998042 0.832866
311 885617903 661998042 24.6699
312 661998042 885617903 24.6699
313 1199059509 32841006 2.03615
314 32841006 1199059509 2.03615
315 1394073784 32802562 1.67663
316 32802562 1394073784 1.67663
317 1394073810 32836019 1.98952
318 32836019 1394073810 1.98952
319 1394073818 1394073784 0.609672
320 1394073784 1394073818 0.609672
321 1394073830 32790290 2.69044
322 32790290 1394073830 2.69044
323 1394073860 638867928 16.9786
324 638867928 1394073860 16.9786
325 1394073879 32817242 1.13216
326 32817242 1394073879 1.13216
327 1869327709 32777246 1.7063
328 32777246 1869327709 1.7063
329 52969114 1076679320 2.19636
330 1076679320 52969114 2.19636
331 52969118 52969121 5.43106
332 52969121 52969118 5.43106
333 52969121 52969122 13.4065
334 52969122 52969121 13.4065
335 52969122 354290938 1.39867
336 354290938 52969122 1.39867
337 52969125 52969127 20.7897
338 52969127 52969125 20.7897
339 52969127 343598871 5.93632
340 343598871 52969127 5.93632
341 52969128 52969130 1.09686
342 52969130 52969128 1.09686
343 343598871 52969128 1.45206
344 52969128 343598871 1.45206
345 354290938 52969125 24.752
346 52969125 354290938 24.752
347 1076679320 52969118 5.70501
348 52969118 1076679320 5.70501
349 52978001 52978003 10.9948
350 52978003 52978001 10.9948
351 52978003 52978006 11.2829
352 52978006 52978003 11.2829
353 52978006 60562725 11.667
354 60562725 52978006 11.667
355 52988016 52988017 30.5253
356 52988017 52988016 30.5253
357 53121650 704976444 30.022
358 704976444 53121650 30.022
359 660994631 660994639 14.5876
360 660994639 660994631 14.5876
361 660994639 52988016 30.3677
362 52988016 660994639 30.3677
363 704976444 660994631 15.0955
364 660994631 704976444 15.0955
365 53044837 53044839 7.96067
366 53044839 53044837 7.96067
367 53045377 53045389 29.4569
368 53045389 53045377 29.4569
369 53063988 53063990 3.71002
370 53063990 53063988 3.71002
371 53063990 108423667 4.74845
372 108423667 53063990 4.74845
373 53063992 53063994 9.54693
374 53063994 53063992 9.54693
375 53063994 677163325 4.44115
376 677163325 53063994 4.44115
377 53063995 53063996 9.22104
378 53063996 53063995 9.22104
379 53063996 53063997 9.16098
380 53063997 53063996 9.16098
381 53063997 108474782 4.6591
382 108474782 53063997 4.6591
383 53063998 53063999 7.51994
384 53063999 53063998 7.51994
385 53063999 824050538 5.17675
386 824050538 53063999 5.17675
387 108423667 53063992 4.3477
388 53063992 108423667 4.3477
389 108474782 53063998 3.84909
390 53063998 108474782 3.84909
391 677163325 53063995 4.02705
392 53063995 677163325 4.02705
393 53064002 1177833815 4.38937
394 1177833815 53064002 4.38937
395 53064003 1177833802 4.89949
396 1177833802 53064003 4.89949
397 53064005 53064007 3.17001
398 53064007 53064005 3.17001
399 53064007 53064010 2.78751
400 53064010 53064007 2.78751
401 53064010 53064011 6.37464
402 53064011 53064010 6.37464
403 1177833802 53064005 0.996158
404 53064005 1177833802 0.996158
405 1177833815 1177833826 0.50404
406 1177833826 1177833815 0.50404
407 1177833826 53064003 4.02023
408 53064003 1177833826 4.02023
409 53064013 53064014 7.43196
410 53064014 53064013 7.43196
411 53064014 53064016 7.31586
412 53064016 53064014 7.31586
413 53064016 53064018 7.14314
414 53064018 53064016 7.14314
415 53064018 53064019 6.97447
416 53064019 53064018 6.97447
417 53064019 53064020 3.9173
418 53064020 53064019 3.9173
419 53064039 53064041 19.974
420 53064041 53064039 19.974
421 53064041 53064043 16.9459
422 53064043 53064041 16.9459
423 53064043 53064044 0.748295
424 53064044 53064043 0.748295
425 53064044 1177833745 2.98425
426 1177833745 53064044 2.98425
427 53064045 53064046 4.96943
428 53064046 53064045 4.96943
429 1177833745 53064045 3.17828
430 53064045 1177833745 3.17828
431 53044839 53064962 5.09337
432 53064962 53044839 5.09337
433 53064962 53064964 7.43748
434 53064964 53064962 7.43748
435 53064964 53064965 17.916
436 53064965 53064964 17.916
437 53064965 53064967 18.1836
438 53064967 53064965 18.1836
439 53064967 53064969 18.6482
440 53064969 53064967 18.6482
441 53064969 53064970 16.6907
442 53064970 53064969 16.6907
443 53064970 53064972 3.80662
444 53064972 53064970 3.80662
445 53068372 108439624 4.4601
446 108439624 53068372 4.4601
447 53065002 53065003 16.8654
448 53065003 53065002 16.8654
449 53066515 53066517 7.13909
450 53066517 53066515 7.13909
451 53066517 53066520 6.83603
452 53066520 53066517 6.83603
453 53066520 53066522 5.90178
454 53066522 53066520 5.90178
455 53066526 53066527 16.8987
456 53066527 53066526 16.8987
457 53066527 53066529 18.4098
458 53066529 53066527 18.4098
459 53064045 53066542 10.6159
460 53066542 53064045 10.6159
461 53064010 53067509 9.55279
462 53067609 53067570 115.452
463 53067570 53067609 115.452
464 53064046 646495603 6.68055
465 646495603 53064046 6.68055
466 53067578 646495584 1.52615
467 646495584 53067578 1.52615
468 53067579 646495589 11.7156
469 646495589 53067579 11.7156
470 646495584 53067579 6.63362
471 53067579 646495584 6.63362
472 646495589 646495605 15.2948
473 646495605 646495589 15.2948
474 646495603 53067583 3.25582
475 53067583 646495603 3.25582
476 646495605 53064046 0.591641
477 53064046 646495605 0.591641
478 53068366 53068368 4.8754
479 53068368 53068366 4.8754
480 53068368 53068370 1.85259
481 53068370 53068368 1.85259
482 53068383 108423824 4.51362
483 108423824 53068383 4.51362
484 53068385 108423579 4.51268
485 108423579 53068385 4.51268
486 53068386 108423238 4.46774
487 108423238 53068386 4.46774
488 53068390 108423068 4.69189
489 108423068 53068390 4.69189
490 53068391 108404386 4.95147
491 108404386 53068391 4.95147
492 53068393 108404669 4.56223
493 108404669 53068393 4.56223
494 108404386 53068393 4.26026
495 53068393 108404386 4.26026
496 108404669 53068395 4.01798
497 53068395 108404669 4.01798
498 108423068 53068391 4.70737
499 53068391 108423068 4.70737
500 108423238 53068390 4.26357
501 53068390 108423238 4.26357
502 108423579 53068386 4.57228
503 53068386 108423579 4.57228
504 108423824 53068385 4.07051
505 53068385 108423824 4.07051
506 53045073 53068398 7.31595
507 53068398 53045073 7.31595
508 432762595 53068703 8.12434
509 53068703 432762595 8.12434
510 53069755 663499951 11.0105
511 663499951 53069755 11.0105
512 53069756 53069757 14.8978
513 53069757 53069756 14.8978
514 663499951 53069756 4.66678
515 53069756 663499951 4.66678
516 53070548 53070549 2.9848
517 53070549 53070548 2.9848
518 53070549 1731277198 2.12049
519 1731277198 53070549 2.12049
520 53070553 53070555 5.05371
521 53070555 53070553 5.05371
522 53070555 53070556 7.69093
523 53070556 53070555 7.69093
524 53071506 53071508 4.32458
525 53071508 53071506 4.32458
526 53063997 53072847 18.2128
527 53072847 53063997 18.2128
528 53068393 53072846 17.5152
529 53072846 53068393 17.5152
530 53072839 53072840 8.44435
531 53072840 53072839 8.44435
532 53072840 53072841 12.7954
533 53072841 53072840 12.7954
534 53072841 53072842 12.5357
535 53072842 53072841 12.5357
536 53072842 53072844 13.8384
537 53072844 53072842 13.8384
538 53072844 53072845 13.7757
539 53072845 53072844 13.7757
540 53072845 53068393 10.5263
541 53068393 53072845 10.5263
542 53072846 53063997 18.8945
543 53063997 53072846 18.8945
544 53072847 53072849 18.4462
545 53072849 53072847 18.4462
546 53072849 53072850 17.718
547 53072850 53072849 17.718
548 53072852 53072853 17.9909
549 53072853 53072852 17.9909
550 53072853 53072857 18.0673
551 53072857 53072853 18.0673
552 53072857 53072858 18.1092
553 53072858 53072857 18.1092
554 53072858 53072859 18.5796
555 53072859 53072858 18.5796
556 53072859 343608506 0.864606
557 343608506 53072859 0.864606
558 53072860 53072862 17.697
559 53072862 53072860 17.697
560 53072862 53072865 36.0588
561 53072865 53072862 36.0588
562 343608506 343608519 2.24951
563 343608519 343608506 2.24951
564 343608519 53072860 14.9235
565 53072860 343608519 14.9235
566 53074090 53074091 7.62532
567 53074091 53074090 7.62532
568 53074093 53074094 6.71171
569 53074094 53074093 6.71171
570 53074094 53074096 7.08649
571 53074096 53074094 7.08649
572 53075613 53075614 2.11726
573 53075614 53075613 2.11726
574 53075614 53075616 4.01826
575 53075616 53075614 4.01826
576 53075616 1837897815 0.69082
577 1837897815 53075616 0.69082
578 53075617 108422902 4.37887
579 108422902 53075617 4.37887
580 53075619 108402837 3.97402
581 108402837 53075619 3.97402
582 53075621 53075622 2.04408
583 53075622 53075621 2.04408
584 53075622 108348154 4.70593
585 108348154 53075622 4.70593
586 108348154 53075623 1.29308
587 53075623 108348154 1.29308
588 108402837 108402869 1.23049
589 108402869 108402837 1.23049
590 108402869 53075621 2.78785
591 53075621 108402869 2.78785
592 108422902 53075619 3.64038
593 53075619 108422902 3.64038
594 1837897815 53075617 4.07584
595 53075617 1837897815 4.07584
596 53080464 53080465 4.47549
597 53080465 53080464 4.47549
598 53080465 53080466 4.03121
599 53080466 53080465 4.03121
600 53080466 1176176171 1.94695
601 1176176171 53080466 1.94695
602 1731260698 355005540 4.26374
603 355005540 1731260698 4.26374
604 53081181 53081182 35.4162
605 53081182 53081181 35.4162
606 53083655 53083657 8.6663
607 53083657 53083655 8.6663
608 53083657 53067585 5.62738
609 53067585 53083657 5.62738
610 53083660 53083662 6.56842
611 53083662 53083660 6.56842
612 53083662 53083663 4.81822
613 53083663 53083662 4.81822
614 53083663 53083668 15.0635
615 53083668 53083663 15.0635
616 53083668 53083669 4.57586
617 53083669 53083668 4.57586
618 53083675 53083677 6.11138
619 53083677 53083675 6.11138
620 53072852 53083703 8.7376
621 53083703 53072852 8.7376
622 53083697 53083698 7.1996
623 53083698 53083697 7.1996
624 53083698 53083700 7.80433
625 53083700 53083698 7.80433
626 53083700 53083701 10.2166
627 53083701 53083700 10.2166
628 53083701 1837954113 4.7686
629 1837954113 53083701 4.7686
630 53083703 53083705 9.08626
631 53083705 53083703 9.08626
632 53083705 53083706 8.89341
633 53083706 53083705 8.89341
634 53083706 693450842 4.41752
635 693450842 53083706 4.41752
636 53083707 53044837 2.89261
637 53044837 53083707 2.89261
638 693450842 53083707 4.78202
639 53083707 693450842 4.78202
640 1837954113 1837971768 0.980706
641 1837971768 1837954113 0.980706
642 1837971768 53072852 3.18242
643 53072852 1837971768 3.18242
644 53029170 53084771 6.64674
645 53084771 53029170 6.64674
646 53084770 53029170 13.3324
647 53029170 53084770 13.3324
648 53087091 53087092 31.5014
649 53087092 53087091 31.5014
650 53089655 53067606 2.98483
651 53067606 53089655 2.98483
652 53089767 53089655 3.05941
653 53089655 53089767 3.05941
654 53089768 53089770 12.0047
655 53089770 53089768 12.0047
656 53089771 53089772 8.98958
657 53089772 53089771 8.98958
658 53064003 53089774 13.5075
659 53089774 53064003 13.5075
660 53089773 1177833902 4.35857
661 1177833902 53089773 4.35857
662 53089774 53089775 2.82499
663 53089775 53089774 2.82499
664 1177833902 53064003 13.9379
665 53064003 1177833902 13.9379
666 53089781 53089767 9.67365
667 53089767 53089781 9.67365
668 53090301 53090303 17.6325
669 53090303 53090301 17.6325
670 53090306 53090307 4.03333
671 53090307 53090306 4.03333
672 53045073 53092909 10.5262
673 53092909 53045073 10.5262
674 53092904 53045073 4.84391
675 53045073 53092904 4.84391
676 53092911 53092912 11.2818
677 53092912 53092911 11.2818
678 53092915 1177563085 8.28767
679 1177563085 53092915 8.28767
680 53068370 53095225 13.1391
681 53095225 53068370 13.1391
682 53095222 53068370 17.6425
683 53068370 53095222 17.6425
684 53067509 53099404 6.32431
685 53099404 53067509 6.32431
686 53089773 53099402 6.03918
687 53099402 53089773 6.03918
688 53099386 53099391 110.515
689 53099391 53099386 110.515
690 53099391 1187827338 13.3376
691 1187827338 53099391 13.3376
692 53099397 53099398 4.00507
693 53099398 53099397 4.00507
694 53099398 53099401 8.92488
695 53099401 53099398 8.92488
696 53099401 53089773 8.20989
697 53089773 53099401 8.20989
698 53099402 53067509 6.45196
699 53067509 53099402 6.45196
700 53099404 1177833860 4.90101
701 1177833860 53099404 4.90101
702 53099405 1177833778 4.1018
703 1177833778 53099405 4.1018
704 53099406 1177833868 4.0212
705 1177833868 53099406 4.0212
706 53099407 1839402336 7.62538
707 1839402336 53099407 7.62538
708 1177833778 53099406 4.06916
709 53099406 1177833778 4.06916
710 1177833860 53099405 3.58292
711 53099405 1177833860 3.58292
712 1177833868 53099407 4.06611
713 53099407 1177833868 4.06611
714 1187827338 53099397 9.62433
715 53099397 1187827338 9.62433
716 1839402336 53099410 0.889907
717 53099410 1839402336 0.889907
718 53099415 53067578 15.5147
719 53067578 53099415 15.5147
720 53101199 53101201 1.87834
721 53101201 53101199 1.87834
722 53101208 53101210 8.3134
723 53101210 53101208 8.3134
724 53090301 53104538 7.02951
725 53104538 53090301 7.02951
726 53104529 53104532 6.89935
727 53104532 53104529 6.89935
728 53104532 53104534 7.67085
729 53104534 53104532 7.67085
730 53104534 354271956 4.63246
731 354271956 53104534 4.63246
732 354271956 53090301 2.22469
733 53090301 354271956 2.22469
734 53104954 53104955 10.7308
735 53104955 53104954 10.7308
736 53111103 1177833881 6.37222
737 1177833881 53111103 6.37222
738 1177833881 53089774 6.66381
739 53089774 1177833881 6.66381
740 53063996 53112857 20.7841
741 53112857 53063996 20.7841
742 53068391 53112856 17.685
743 53112856 53068391 17.685
744 53075622 53112851 12.8676
745 53112851 53075622 12.8676
746 53080478 53112855 13.621
747 53112855 53080478 13.621
748 53083701 53112864 17.7263
749 53112864 53083701 17.7263
750 53112851 53112853 12.7235
751 53112853 53112851 12.7235
752 53112853 53112854 12.6063
753 53112854 53112853 12.6063
754 53112854 53080478 13.8997
755 53080478 53112854 13.8997
756 53112855 53068391 10.3337
757 53068391 53112855 10.3337
758 53112856 53063996 18.8392
759 53063996 53112856 18.8392
760 53112857 53112859 1.97295
761 53112859 53112857 1.97295
762 53112859 53112860 13.9422
763 53112860 53112859 13.9422
764 53112860 53112862 17.7688
765 53112862 53112860 17.7688
766 53112862 1837971774 4.65106
767 1837971774 53112862 4.65106
768 53112864 53112865 18.4691
769 53112865 53112864 18.4691
770 53112865 53112866 18.0504
771 53112866 53112865 18.0504
772 1837971734 1837971819 1.40501
773 1837971819 1837971734 1.40501
774 1837971743 53083701 4.53843
775 53083701 1837971743 4.53843
776 1837971757 1837971765 2.18211
777 1837971765 1837971757 2.18211
778 1837971765 1837971734 2.21399
779 1837971734 1837971765 2.21399
780 1837971774 1837971786 1.07171
781 1837971786 1837971774 1.07171
782 1837971786 1837971757 1.09561
783 1837971757 1837971786 1.09561
784 1837971819 1837971743 0.765197
785 1837971743 1837971819 0.765197
786 53112878 53075621 7.88291
787 53075621 53112878 7.88291
788 53075617 53114570 7.10042
789 53114570 53075617 7.10042
790 53080475 53114577 7.45771
791 53114577 53080475 7.45771
792 53114565 1177563170 3.23926
793 1177563170 53114565 3.23926
794 53114567 53114568 6.00644
795 53114568 53114567 6.00644
796 53114568 53075617 7.42745
797 53075617 53114568 7.42745
798 53114570 53114571 6.97775
799 53114571 53114570 6.97775
800 53114571 53114574 6.9859
801 53114574 53114571 6.9859
802 53114574 53114575 3.49802
803 53114575 53114574 3.49802
804 53114575 53080475 4.32269
805 53080475 53114575 4.32269
806 1177563170 53114567 1.69021
807 53114567 1177563170 1.69021
808 53116533 53116534 12.417
809 53116534 53116533 12.417
810 53075614 53120216 11.664
811 53120216 53075614 11.664
812 53120216 53120217 12.4999
813 53120217 53120216 12.4999
814 53068385 1178160802 5.5052
815 1178160802 53068385 5.5052
816 53120219 1969273664 13.9664
817 1969273664 53120219 13.9664
818 53120221 53068385 9.89973
819 53068385 53120221 9.89973
820 53120223 1193726345 5.73899
821 1193726345 53120223 5.73899
822 1178160799 53120223 2.2634
823 53120223 1178160799 2.2634
824 1178160802 1600323969 5.74451
825 1600323969 1178160802 5.74451
826 1193726345 1437163103 3.11743
827 1437163103 1193726345 3.11743
828 1437163103 53063992 9.58564
829 53063992 1437163103 9.58564
830 1600323969 1178160799 4.55625
831 1178160799 1600323969 4.55625
832 1969273664 53120221 13.4101
833 53120221 1969273664 13.4101
834 53083697 53120232 8.03301
835 53120232 53083697 8.03301
836 53120229 53120230 24.2559
837 53120230 53120229 24.2559
838 53120230 53083697 11.1592
839 53083697 53120230 11.1592
840 53120232 53120233 10.6187
841 53120233 53120232 10.6187
842 53120233 53120234 9.13608
843 53120234 53120233 9.13608
844 53120234 53120235 8.98906
845 53120235 53120234 8.98906
846 53120235 53120237 18.6108
847 53120237 53120235 18.6108
848 53120237 53120238 18.0603
849 53120238 53120237 18.0603
850 53120238 53120240 18.0692
851 53120240 53120238 18.0692
852 53120240 1201079428 3.24056
853 1201079428 53120240 3.24056
854 53120241 336771583 158.729
855 336771583 53120241 158.729
856 1201079376 53120241 7.36066
857 53120241 1201079376 7.36066
858 1201079411 1201079376 3.67337
859 1201079376 1201079411 3.67337
860 1201079428 1201079411 3.44055
861 1201079411 1201079428 3.44055
862 53120260 53075616 13.2164
863 53075616 53120260 13.2164
864 53120901 1731277207 7.02055
865 1731277207 53120901 7.02055
866 53095222 53099391 16.3093
867 53099391 53095222 16.3093
868 53122205 53122207 43.9067
869 53122207 53122205 43.9067
870 53122207 53095222 2.68593
871 53095222 53122207 2.68593
872 53064025 53126931 15.5039
873 53126931 53064025 15.5039
874 53083662 53128577 8.05009
875 53128577 53083662 8.05009
876 53128574 53083662 36.1727
877 53083662 53128574 36.1727
878 53128577 53128579 5.65364
879 53128579 53128577 5.65364
880 53128586 53128588 9.08269
881 53128588 53128586 9.08269
882 53128597 53128601 9.22037
883 53128601 53128597 9.22037
884 53128601 53128612 16.7016
885 53128612 53128601 16.7016
886 53128616 53128618 18.0943
887 53128618 53128616 18.0943
888 53128618 53128620 4.78583
889 53128620 53128618 4.78583
890 53064002 53111103 4.19016
891 53111103 53064002 4.19016
892 53099401 1177833820 4.46636
893 1177833820 53099401 4.46636
894 53111103 53106236 1.86608
895 53106236 53111103 1.86608
896 1177833820 53064002 19.1552
897 53064002 1177833820 19.1552
898 661057175 48586662 673.217
899 48586662 661057175 673.217
900 53133495 53133496 12.8653
901 53133496 53133495 12.8653
902 53133497 53133498 18.2016
903 53133498 53133497 18.2016
904 53120234 53114589 8.87307
905 53114589 53120234 8.87307
906 53120914 53134253 8.89064
907 53134253 53120914 8.89064
908 53134253 53134254 8.87326
909 53134254 53134253 8.87326
910 53134254 53120234 8.93155
911 53120234 53134254 8.93155
912 53089772 53134283 5.76014
913 53134283 53089772 5.76014
914 53128586 53089772 7.51254
915 53089772 53128586 7.51254
916 53134278 53128586 6.71962
917 53128586 53134278 6.71962
918 52969121 52978001 4.49464
919 52978001 52969121 4.49464
920 52978001 354291703 5.64627
921 354291703 52978001 5.64627
922 53083686 52969114 5.34204
923 52969114 53083686 5.34204
924 53083672 53137763 3.4976
925 53137763 53083672 3.4976
926 53099405 53137758 17.6286
927 53137758 53099405 17.6286
928 53137758 53137760 18.1757
929 53137760 53137758 18.1757
930 53137760 53137762 18.0435
931 53137762 53137760 18.0435
932 53137762 53083672 18.3039
933 53083672 53137762 18.3039
934 53137767 53137769 9.97205
935 53137769 53137767 9.97205
936 53137770 53137772 8.67459
937 53137772 53137770 8.67459
938 53064018 53138859 18.3197
939 53138859 53064018 18.3197
940 53138856 53138857 8.37367
941 53138857 53138856 8.37367
942 53138857 53064018 10.2354
943 53064018 53138857 10.2354
944 53138859 53138860 18.3602
945 53138860 53138859 18.3602
946 53138860 53138862 24.1695
947 53138862 53138860 24.1695
948 53138862 53138864 19.275
949 53138864 53138862 19.275
950 53138864 53138865 11.3099
951 53138865 53138864 11.3099
952 53138865 53138867 11.0499
953 53138867 53138865 11.0499
954 53138945 53138947 11.6576
955 53138947 53138945 11.6576
956 53138947 53138948 12.8618
957 53138948 53138947 12.8618
958 53128620 343608741 13.6977
959 343608741 53128620 13.6977
960 53139818 53128620 7.27402
961 53128620 53139818 7.27402
962 53138947 1076679312 7.34393
963 1076679312 53138947 7.34393
964 53140445 53138947 7.01809
965 53138947 53140445 7.01809
966 53140447 53104529 17.805
967 53104529 53140447 17.805
968 1076679312 53140447 6.88875
969 53140447 1076679312 6.88875
970 1707851697 53140445 31.337
971 53140445 1707851697 31.337
972 53140449 53140450 1.51509
973 53140450 53140449 1.51509
974 53140450 53140451 2.73659
975 53140451 53140450 2.73659
976 53140451 53140453 7.06904
977 53140453 53140451 7.06904
978 53140453 53140455 7.18375
979 53140455 53140453 7.18375
980 53089768 53139825 7.62793
981 53139825 53089768 7.62793
982 53128616 53089768 6.9182
983 53089768 53128616 6.9182
984 53140458 53140461 3.38126
985 53140461 53140458 3.38126
986 53140461 53067591 4.83782
987 53067591 53140461 4.83782
988 53064965 53140478 9.07737
989 53140478 53064965 9.07737
990 53072857 53140473 8.72146
991 53140473 53072857 8.72146
992 53112865 53072857 9.21986
993 53072857 53112865 9.21986
994 53114591 660994701 4.28961
995 660994701 53114591 4.28961
996 53120235 53114591 8.70481
997 53114591 53120235 8.70481
998 53120915 53140469 8.98875
999 53140469 53120915 8.98875
1000 53133497 53140479 4.49365
1001 53140479 53133497 4.49365
1002 53138869 392925308 0.288015
1003 392925308 53138869 0.288015
1004 53140464 281275431 3.98953
1005 281275431 53140464 3.98953
1006 53140466 53140467 8.90814
1007 53140467 53140466 8.90814
1008 53140467 392925520 8.43488
1009 392925520 53140467 8.43488
1010 53140469 53140470 8.92664
1011 53140470 53140469 8.92664
1012 53140470 53120235 8.93263
1013 53120235 53140470 8.93263
1014 53140471 53112865 8.93113
1015 53112865 53140471 8.93113
1016 53140473 53140474 8.93168
1017 53140474 53140473 8.93168
1018 53140474 53140475 8.90588
1019 53140475 53140474 8.90588
1020 53140475 53140476 9.13004
1021 53140476 53140475 9.13004
1022 53140476 53064965 8.83644
1023 53064965 53140476 8.83644
1024 53140478 53133497 4.52917
1025 53133497 53140478 4.52917
1026 53140479 53140481 3.77133
1027 53140481 53140479 3.77133
1028 53140481 343243372 5.41792
1029 343243372 53140481 5.41792
1030 53140482 53140483 7.35214
1031 53140483 53140482 7.35214
1032 281275431 53140466 4.56101
1033 53140466 281275431 4.56101
1034 343243372 53140482 1.67086
1035 53140482 343243372 1.67086
1036 392925308 53120915 8.93381
1037 53120915 392925308 8.93381
1038 392925520 53138869 0.515278
1039 53138869 392925520 0.515278
1040 660994701 53140471 4.76469
1041 53140471 660994701 4.76469
1042 52969122 53087091 8.89553
1043 53087091 52969122 8.89553
1044 53087091 53140488 6.7889
1045 53140488 53087091 6.7889
1046 53141358 53141364 9.17805
1047 53141364 53141358 9.17805
1048 53141368 53141370 18.3915
1049 53141370 53141368 18.3915
1050 53141370 53141380 39.6902
1051 53141380 53141370 39.6902
1052 53140481 53141392 18.2446
1053 53141392 53140481 18.2446
1054 53141394 693450902 4.63652
1055 693450902 53141394 4.63652
1056 693450902 53141396 12.3171
1057 53141396 693450902 12.3171
1058 53144351 53144353 8.11393
1059 53144353 53144351 8.11393
1060 53144546 53144548 6.49228
1061 53144548 53144546 6.49228
1062 53144548 53144550 4.92963
1063 53144550 53144548 4.92963
1064 53068701 53144554 3.36467
1065 53144554 53068701 3.36467
1066 53149880 53064044 25.9708
1067 53064044 53149880 25.9708
1068 53138859 53120906 7.02795
1069 53120906 53138859 7.02795
1070 53151943 53151944 7.31793
1071 53151944 53151943 7.31793
1072 53151944 53151948 7.31678
1073 53151948 53151944 7.31678
1074 53151948 53138859 7.20135
1075 53138859 53151948 7.20135
1076 53114581 677163515 1.94108
1077 677163515 53114581 1.94108
1078 53151949 53112859 8.95497
1079 53112859 53151949 8.95497
1080 677163326 53151949 4.40865
1081 53151949 677163326 4.40865
1082 677163515 1201079374 1.35714
1083 1201079374 677163515 1.35714
1084 1201079374 677163326 1.03565
1085 677163326 1201079374 1.03565
1086 53120908 53151950 5.0366
1087 53151950 53120908 5.0366
1088 53151950 53092918 8.91786
1089 53092918 53151950 8.91786
1090 53151952 53151954 5.24776
1091 53151954 53151952 5.24776
1092 53151954 1177833897 4.56441
1093 1177833897 53151954 4.56441
1094 1177833897 53151955 3.70733
1095 53151955 1177833897 3.70733
1096 53089775 1177833775 4.47163
1097 1177833775 53089775 4.47163
1098 1177833775 53151956 4.11381
1099 53151956 1177833775 4.11381
1100 53151965 53092921 3.20642
1101 53092921 53151965 3.20642
1102 53065003 53151972 4.41168
1103 53151972 53065003 4.41168
1104 53066527 53065003 4.48221
1105 53065003 53066527 4.48221
1106 53072847 108474792 4.42579
1107 108474792 53072847 4.42579
1108 53112857 1837234701 5.59942
1109 1837234701 53112857 5.59942
1110 53151968 108472618 7.38151
1111 108472618 53151968 7.38151
1112 53151969 53151970 6.13511
1113 53151970 53151969 6.13511
1114 53151970 53151971 7.74184
1115 53151971 53151970 7.74184
1116 53151971 53066527 8.24539
1117 53066527 53151971 8.24539
1118 53151972 1179808064 12.6638
1119 1179808064 53151972 12.6638
1120 108472618 53151969 1.32835
1121 53151969 108472618 1.32835
1122 108474792 53151968 4.26306
1123 53151968 108474792 4.26306
1124 1837234701 53072847 4.22547
1125 53072847 1837234701 4.22547
1126 53152809 53069755 18.0034
1127 53069755 53152809 18.0034
1128 53153075 53104534 17.4021
1129 53104534 53153075 17.4021
1130 53140453 354343081 14.2087
1131 354343081 53140453 14.2087
1132 53159719 53140453 20.7043
1133 53140453 53159719 20.7043
1134 53168722 53159719 11.8214
1135 53159719 53168722 11.8214
1136 53138948 53153102 6.79915
1137 53153102 53138948 6.79915
1138 53153102 53153103 7.38119
1139 53153103 53153102 7.38119
1140 53153105 53153106 4.38658
1141 53153106 53153105 4.38658
1142 53068368 53153939 14.8739
1143 53153939 53068368 14.8739
1144 53154087 1187730798 17.4077
1145 1187730798 53154087 17.4077
1146 53080481 53154119 13.6309
1147 53154119 53080481 13.6309
1148 53154121 53154124 14.3075
1149 53154124 53154121 14.3075
1150 53158809 53158811 4.02744
1151 53158811 53158809 4.02744
1152 53158811 53158813 7.15702
1153 53158813 53158811 7.15702
1154 53158813 53158815 2.3118
1155 53158815 53158813 2.3118
1156 53092925 53158826 7.02308
1157 53158826 53092925 7.02308
1158 53120230 53114585 7.38362
1159 53114585 53120230 7.38362
1160 53120910 53158825 7.52865
1161 53158825 53120910 7.52865
1162 53138862 53120910 7.32186
1163 53120910 53138862 7.32186
1164 53158818 53158820 6.39722
1165 53158820 53158818 6.39722
1166 53158820 53158821 7.54826
1167 53158821 53158820 7.54826
1168 53158821 53158822 7.60466
1169 53158822 53158821 7.60466
1170 53158822 53138862 6.70117
1171 53138862 53158822 6.70117
1172 53158825 53092925 7.10504
1173 53092925 53158825 7.10504
1174 53158826 53120230 6.95
1175 53120230 53158826 6.95
1176 53158830 53158832 4.7154
1177 53158832 53158830 4.7154
1178 927614352 53089780 4.99818
1179 53089780 927614352 4.99818
1180 53072850 1837971823 0.294013
1181 1837971823 53072850 0.294013
1182 53112862 1837971772 2.56489
1183 1837971772 53112862 2.56489
1184 53114584 677163354 4.19064
1185 677163354 53114584 4.19064
1186 53154090 693450941 4.38318
1187 693450941 53154090 4.38318
1188 53158840 53112862 9.0895
1189 53112862 53158840 9.0895
1190 53158843 53158845 8.90422
1191 53158845 53158843 8.90422
1192 53158845 53154090 8.98307
1193 53154090 53158845 8.98307
1194 677163354 53158840 4.34488
1195 53158840 677163354 4.34488
1196 693450941 53158851 11.1189
1197 53158851 693450941 11.1189
1198 1837971746 53072850 5.06506
1199 53072850 1837971746 5.06506
1200 1837971772 1837971791 0.815552
1201 1837971791 1837971772 0.815552
1202 1837971791 1837971746 1.09973
1203 1837971746 1837971791 1.09973
1204 1837971823 53158843 8.04382
1205 53158843 1837971823 8.04382
1206 53064043 53066542 8.41601
1207 53066542 53064043 8.41601
1208 53066542 53158856 2.51496
1209 53158856 53066542 2.51496
1210 53137762 1177833884 4.32413
1211 1177833884 53137762 4.32413
1212 53158860 1183751696 4.43902
1213 1183751696 53158860 4.43902
1214 53158862 1177833818 4.30269
1215 1177833818 53158862 4.30269
1216 1177833818 53158864 4.51351
1217 53158864 1177833818 4.51351
1218 1177833884 53158860 4.20197
1219 53158860 1177833884 4.20197
1220 1183751696 53158862 4.37787
1221 53158862 1183751696 4.37787
1222 53092929 53159677 3.78131
1223 53159677 53092929 3.78131
1224 53120233 53114587 8.10167
1225 53114587 53120233 8.10167
1226 53120913 392928174 7.34915
1227 392928174 53120913 7.34915
1228 53138865 53120913 3.88643
1229 53120913 53138865 3.88643
1230 53159677 53159678 3.35505
1231 53159678 53159677 3.35505
1232 53159678 53120233 6.37284
1233 53120233 53159678 6.37284
1234 392928170 53092929 5.20912
1235 53092929 392928170 5.20912
1236 392928174 392928170 1.67215
1237 392928170 392928174 1.67215
1238 53137769 53067589 2.6851
1239 53067589 53137769 2.6851
1240 53137772 927614347 2.42871
1241 927614347 53137772 2.42871
1242 53152809 53137772 4.31108
1243 53137772 53152809 4.31108
1244 927614347 53137769 0.157749
1245 53137769 927614347 0.157749
1246 53159717 53159719 8.58988
1247 53159719 53159717 8.58988
1248 53159719 53159721 7.40018
1249 53159721 53159719 7.40018
1250 53159721 281275433 4.55089
1251 281275433 53159721 4.55089
1252 53159723 281274337 2.23763
1253 281274337 53159723 2.23763
1254 53159725 53159726 4.04529
1255 53159726 53159725 4.04529
1256 53159726 392926361 5.86337
1257 392926361 53159726 5.86337
1258 281274337 53159725 5.06811
1259 53159725 281274337 5.06811
1260 281275433 53159723 2.16924
1261 53159723 281275433 2.16924
1262 60562864 1076679317 14.7838
1263 1076679317 60562864 14.7838
1264 52978003 52969118 4.54334
1265 52969118 52978003 4.54334
1266 53159735 52978003 6.38828
1267 52978003 53159735 6.38828
1268 53120217 60880617 10.3163
1269 60880617 53120217 10.3163
1270 53159909 108402762 8.74793
1271 108402762 53159909 8.74793
1272 60880617 53114574 5.48679
1273 53114574 60880617 5.48679
1274 108402762 53120217 7.04757
1275 53120217 108402762 7.04757
1276 53114567 53159913 9.26971
1277 53159913 53114567 9.26971
1278 53120260 53075613 15.2231
1279 53075613 53120260 15.2231
1280 53159913 1837296368 0.497363
1281 1837296368 53159913 0.497363
1282 1837296368 53120260 5.46355
1283 53120260 1837296368 5.46355
1284 53075613 108402610 3.34649
1285 108402610 53075613 3.34649
1286 108402610 53159909 9.30552
1287 53159909 108402610 9.30552
1288 1177833897 639359589 3.60568
